3 
2 
4 
5 
8 
16 
1 
15 
6 
12 
14 
180 
176 
18 
179 
181 
177 
17 
107 
106 
68 
67 
55 
185 
65 
206 
184 
166 
102 
88 
229 
205 
204 
226 
224 
213 
216 
222 
220 
211 
215 
228 
217 
210 
207 
208 
238 
54 
296 
301 
103 
209 
218 
214 
221 
235 
6 
2 
5 
4 
1 
3 
8 
12 
15 
14 
16 
17 
18 
85 
88 
109 
107 
116 
115 
110 
65 
121 
54 
106 
108 
102 
67 
66 
68 
101 
104 
103 
119 
137 
141 
179 
181 
180 
177 
176 
166 
185 
207 
214 
55 
211 
216 
184 
204 
206 
210 
218 
209 
226 
221 
222 
213 
215 
232 
224 
229 
217 
205 
208 
231 
225 
227 
220 
235 
239 
240 
228 
241 
230 
238 
105 
237 
233 
236 
5 
1 
2 
8 
3 
12 
15 
14 
180 
4 
6 
88 
106 
119 
121 
109 
115 
18 
217 
211 
210 
204 
213 
231 
17 
55 
54 
102 
101 
105 
185 
